version https://git-lfs.github.com/spec/v1
oid sha256:cf524f8770854e9bb1159d7b527b96386af92714ce5c0a7ff6497533f0fd4889
size 7046
